000000000000000000000000000000000000000000000000000010010000000000010110000000000010000000000000000000000000000
000000000000000000000000000000000000000000000000000000000100000000000000000000000000000000000000000000000000000
000000000000000000000000000000000000000000000000000000000000000010000000000000000000000000000000000000000000000
000000000000000000000000000000000000000000000000000000000000000000000000000000000000000000000000000000000000000
000000000000000000000000000000000000000000001000000000000000000000000000000000000000000000000000000000000000000
000000000000000010000000000000000000000000001000000000000000000000000000000000000000000000000000000000000000000
000000000000000000000000000000000011100000011000000000000000000000000000000000000000000000000000000000000000000
000000000000000000000000000000011111111100011000000000000000000000000000000000000000000000000000000000000000000
000000000000000000000000000000011111111111011000000000000000000000000000000000000000000000000000000000000000000
000000000000010000000000000001111111111111111000000000000000000000000000000000000000000000000000000000000000000
000000000000000000000000000001111111111111110000000000000000000000000000000000000000000000000000000000000000000
000000000000000000000000000011111111111111110000000000000000000000000000000000000000000000000000000000000000000
000000000000000000000000000001111111111111100000000000000000000000000000000000000000000000000000000000000000000
000000000000000000000000000001111111111111000000000000000000000000000000000000000000000000000000000000000000000
000000000000000000000000000001111111111110000000000000000000000000000000000000000000000000000000000000000000000
000000010000000000000000000000111111111110000000000000000000000000000000000000000000000000000000000000000000000
000000000000000000000000000000111111111110000000000000000000000000000000000000000000000000000000000000000000000
000000000000000000000000000000111111111110000000010000000000000000000000000000000000000000000000000000000000000
000000000000000000000000000000111111111110000000000000100000000000000000000000000000000000000000000000000000000
000000000000000000000000000000011111111111000000000000000000000000000000000000000000000000000000000000000000000
000000000000000000000000000000011111111111100000000000000000000000000000000000000000000000000000000000000000000
000000000000000000000000000000111111111111111000000000000000000000000000000000000000000000000000000000000000000
000000000000000000000000000000111111111111111100000000000000000000010000000000000000000000000000000000000000000
001000000000000000000000000001111111111111111110100000000000000000000000000000000000000000000000000000000000000
000000000000000000000000011000111111111111111111100000000000000000000000000000000000000000000000000000000000000
000000000000000000011011111100111111111111111111111111110000000000000000000000000000000000000000000000000000000
000000000000000000111111111100111111111111111111111111110000000000000000000000000000000000000000000000000000000
000000000000000000111111111110011111111111111111111111110000000000000000000000000000000000000000000000000000000
000000000000000001111111111111111111111111111111111111111100000000000000000000000000000000000000000000000010000
000000000000000111111111111111111111111111111111111111111111000000000000000000000000000000000000000000000011000
000000000000000111111111111111111111111111111111111111111111100000000000000000000000000000000000000000000011011
000000000000000111111110111111101111111111111111111111111111100000000000000000000000000000000000000000000111111
000000000000001101101111111111111111111111111111111111111111100000000000000000000000000000000000000000001111111
000000000000001111111111111111111111111111111111111111111111111000000000000000000000000000000000000000001111111
000000000000001111011110111011101111111111111111111111111111111000000000000000000000000000000000000000001111111
000000000000111111011111111111101111111111111111111111111111111100000000000000000000000000000000000000011111111
000000000000111111111111111111111111111111111111111111111111111100000000000000000000000000000000000000011111111
000000000111111111111111111011111111111111111111111111111111111100000000000000000000000000000000000000011111111
000000011111111110111111111011111111111011111111111111111111111110000000000000000000000000000000000000011111111
000000011111111111111111111110011111110001111111111111111111111110000000000000000000000000000000000000011111111
000000111111111111110111111111111111100000111111111111111111111111000000000000000000000000000000000000011111111
000000111111111111111111111111111111110000011111111111111111111111100000000000000000000000000000000000001111111
000011111111111111111111111111111110110000011111111111111111111111111111100000000000000000000000000000001111111
000011111111111111111111111111111110110000011111111111111111111111111111111000000000000000000000000000011111111
000011111111111111111000111111111111011111111111111111111111111111111111111100000000000000000000000000011111111
000011111111111111000000111111111111011111111111111111111110111111111111111110000000110001111000100000011111111
000111111111111111000000001111111111111111111111111110111111111111111111111110110111111111111111100000011111111
000111111111111111110000000111111111101111111111111110000100111111111111111111111111111111111111110000011111111
000011111111111111111000000011111111111011111111111110000000011111111111111111111111111111111111110000101111111
000011111111111111111000000001111111110111111111111010000000001111111111111111111111111111110000110000001111111
000011111111111111111000000000011111100111111111111000000000000011111111111111111111111110000010110000011111111
000001111111111111111100000000001100000001111111111000000000000001111111111111111111111000000000000000011111111
000000011111111111111110000000000000000000011111100000000000000001111111111111111111111000100000000000001111111
000000111111111111111111111100000000000000001111100000000000000000111111111111111111110000000000000000000111111
000000111111111111111111111111111100000000000011100000000000000000111111111111111111100000000000000000001111111
000000111111111111111111111111111111100000000000000000000000000000011111111111111111000000000000000000001111111
000111111111111111111111111111111111110000000000000000000000000110011111111111111100000000000000000000111110111
000111111111111111111111111111111111111000000000000000000000000000011111111111110000000000000000000011111110111
000111111111111111111111111111111111111000000000000000000000000000000111111111110000000000000000000011111100011
001111111111111111111111111111111111110000000000000000000000000000000111111111100000000000000000000111111100011
001111111111111111111111111111111110000000000000000000000000000000001011111111000000000000000000000100000000011
001111111111111111111111111111111100000000000000000000000000000000000101111000000000000000000000000000000000111
001111111111111111111111111111111000010000000000000000000000000000000001110000000000000000000000000000000001111
001111111111111111111111111111110000000000000000000000000000000000000100000000000000000000000000001000100011111
001111111111111111111111111111100000000000000000000000000000000000000000000000000000000000000001000000000011111
000111111111111111111111111111100000000000000000000000000000000000000000000000000000000000000000000000000001111
000001111111111111111111111111100111000000000000000000000000000000000000000000000000000000000000000000000000011
100001111111111111111111101111011111000000000000000000000000000000000000000000000000000000000000000000000000011
100000111111111101111111000000001111100000000000000000000000110000000000000000000000000000000000000000000011011
101100001111111100000000000000001111100000000000000000000001111110000000000000000000000000000000000000000011111
111110001111000000000000000000000111000000000000000000101111111111000000000000000000000000000000000000000111111
111110001100000000000000000000000110000000000000000000001111111111100000000000000000000000000000000000000111111
111110000000000000000000000000000000000100111100001111011111111111110000000000000000000000000000000000001111111
111111000000000000000000000000000000000101111100011111111111111111110000000000000000000000000000000000011111111
111111000000000000000000000000000000001011111111111111111111111111110000000000000000000000000000000000111111111
111111000000000000000000000000000000000011111111111111111111111111110000000000000000000000000000000000111111111
111111000000000000000000000000000000010111111111111111111111111111110000000000000000000000000000000000111111111
111111000000000000000000000000000000100001111111111111111111111111110000000000000000000000000000000000111111111
111111000000000000000000000000000000111111111111111111111111111111110000000000000000000000000000000000111111111
111111000000000000000000000000001001111111111111111111111111111111111000000000000000000000000000000000111111111
111111000000000100000000000000000111111111111111111111111111111111111110000000000000000000000000000000111111111
111111000000011110000000000000011111111111111111111111111111111111111111111111000000000000000000000000111111111
111111000000111111110000000000001111111111111111111111111111111111111111111111111000000000000000000000111111111
111111000000111111110000000000111111111111111111111111111111111111111111111111111110000000000000000000111111111
111111000001111111100000000000111111111111111111111111111111111111111111111111111111000000000000000000111111111
111111000001111111100000000001111111111111111111111111111111111111111111111111111111000000000000000001111111111
111111000001111011100000000001111111111111111111111111111111111111111111111111111111000000000000000000111111111
111111000000111000011000000011111111111111111111111111111111111111111111111111111111000000000000000000111111111
111111100000000000000000000011111111111111111111111111111111111111111111111111111111000000000000000001111111111
111111100000000000000000000001111111111111111111111111111111111111111111111111111110000000000000000001111111111
111111000000000000000000000000111111111111111111111111111111111111111111111111111000000000000000000001111111111
111111000000000000000000000000111111111111111111111111111111111111111111111111110000000000000000000001111111111
111111000000000000000000000000011111111111111111111111111111111111111111111110000000000000000000000011111111111
111100000000000000000000000000001111111111111111111111111111111111111110111100000000000000000000000011111111111
110000000000000000000000000000011111111111111111111111111111111111111100000011111000000000000000000011111111111
110000000011100000000000000000011111111111111111111111111111111111111000000111111000000000000000000011111111111
100000000011100000000000000001101111111111111111111111111111111111110000001111111000000000000000000011111111111
100000000011110000000000000001111111111111111111111111111111111111100000001111000000000000000000000001111111111
000000000011100000000001111110011111111111111111111111111111111100000000000000000000000000000000000001111111111
000000001111100000000111111110011111111111111111111111111111111000000000000000000000000000000000000001111111111
000000011111110000001111110111011111111111111111111111111111111000000000000000000000000000000000000001111111111
000000000111110000011111000011111111111111111111111111111111100010000000000000000000000000000000000001111111111
000000011111000000011110000000111111111111111111111111111111000010000000000000000000000000000000000001111111111
000000001110000000011100000000111111111111111111111111111111000010000000000000000000000000000000000001111111111
000000000000000000111000001111111111111111111111111111111111000000000000000000000000000000000000000001111111111
000000000000000000111000001111111111111111111111111111111111101000000000000000000000000000000000000001111111111
000000000000000000000000001111111111111111111111111111111111111000100000000000000000000000000000000011111111111
000000000000000000000000001111111111111111111111111111111111111110000000000000000000000000000000000011111111111
000000000000000000000000000111111111111111111111111111111111111111100000000000000000000000000000000011111111111
000000000000000000000000011111111111111111111111111111111111111111110000000000000000000000000000000011111111111
000000000000000000000000011111111111111111111111111111111111111001110000000000000000000000000000000011111111111
000000000000000000000000011111111111111111111111111111111111111000000000000000000000000000000000000011111111111
000000000000000000000001111111111111111111111111111111111111110000000000000000000000000000000000000011111111111
000000000000000000000011111111111111111111111111111111111111100000000000000000000000000000000000000011111111111
000000000011110000000011111111111111111111111111111111111111111111100000000000000000000000000000000011111111111
000000000111111000000111111111111111111111111111111111111111111111111000000000000000000000000000000011111111111
000000000111111100000111111111111111111111111111111111111111111100011100000000000000000000000000000001111111111
000000000011111111001111111111111111111111111111111111111111111111111111100000000000000000000000000011111111111
000000000000111111011111111111111111111111111111111111111111111111111111100000000000000000000000000011111111111
000000000000011110011111111111111111111111111111111111111111111111111111100000000000000000000000000011111111111
000000000000001110011111111111111111111111111111111111111111111111000011110000000000000000000000000011111111111
000000000000000000001111111111111111111111111111111111111111111111001111110000000000000000000000000011111111111
000000000000000000001111111111111111111111111111111111111111111110001111110000000000000000000000000011111111111
000000000000000000000111111111111111111111111111111111111111111100111111110000111110000000000000000011111111111
000000000000000000000000011111111111111111111111111111111111100000111111110000111111110000000000000011111111111
000000000000000000000000011111111111111111111111111111111111101101111111111000111111110000000000000001111111111
000000000000000000000000001111111111111111111111111111111111111111011111111001111111100000000000000000111111111
000000000000000000000000011111111111111111111111111111110001001111111111111011111111100000000000000000111111111
000000000000000000000000011111111111111111111111111111101100000111111111111111111111100000000000000000111111111
000000000000000000000000011111111111111111111111111111111100000011111111110111111111000000000000000000111111111
000000000000000000000000001111111111111111111111111111111000000010001111111111111111000000000000000000111111111
000000000000000000000000000111111111111111111111111111111000000000000111111111111111000000000000000000011011111
000000000000000000000000000111111111111111111111111111110000000000000111001111111111110000000000000000010001101
000000000000000000001110000011111111111111111111111111110000000000000111111111111111110000000000000000000000000
000000000000000000001111101111111111111111111111111111100000000000000011110111111111111000000000000000000000000
000000000000000000001111101111111111111110011111111111100000000000000111111111111111111000000000000000000000000
000000000000000000001110001111111111111110000111111111100000000000000101111111111111111111000000000000001000000
000000000000000000000110001111111111111110000000110011100000000000000011111111111111111111000000000000000000010
000000000000000000000110000111111111111110000000110000100000000000000011111001111111111000000000000000000000010
000000000000000000000110000011111111111110101000000000000000000000000011111000111111100000000000000000000000000
000000000000000000000000000011111111111111110110000000000000000000000001101010001110000000000000000000000000000
000000000000000000000000000011111111111111111110000000000000000000000011110100000000000000000000000000000000000
000000000000000000000010000011111111111111111100000000000000000000000000111010000000000000000000000000000000000
000000000000000000000000000000111111111111110000000000000000000000000000111000000000000000000000000000000000000
000000000000000000000000000000111111111111100000000000000000000000000000000001110000000010000000000000000000000
000000000000000000000000000000111111111101000000000000000000000000000000000110110000000011110000000000000000000
000000000000000000000000000000111111111100010000000000000000000000000000000000010000000011110000000000000000000
000000000000000000000000000001111111111100000000000000000000000000000000000000000000000111110000000000000000000
000000000000000000000000000001111111111000000000000000000000000000000000000000000000011111110000000000000000000
000000000000000000000000000000111111111000000000000000000000000000000000010011000000011111100000000000000000000
100000000000000000000000000110111111110000000000000000000000000000000000001011000000001100000000000000000000000
000000000000000000000000001110111111000000000100000000000000000000000000000010000000000000000000000000000000000
000000000000000000000000000100011111000000000000000000000000000000000100000000000000000000000000000000000000000
000000000000000000000000000000001111100000000000000000000000000000000000000000000000000000000000000000000000000
100000000000000000000000000000000111100000000000000000000000000000000000000000000000000000000000000000000000000
000000000000000000000000000000000111100000000000000000000000000000000000000000000000000000000000000000000000000
000000000000000000000000000000000000000000000000000000000000000000000000000000000000000000000000000000000000000
000000000000000000000000000000000000000000000000000000000000000000000000000000000000000000000000000000000000000
000000000000000000000000000000000000000000000000000000000000000000000000000000000000000000000000000000000000000
000000000000000000000000000000000000000000000000000000000000000000000000000000000000000000000000000000000000000
000000000000000000000000000000000000000000000000000000000000000000000000000000000000000000000000100000000000000
000000100000000000000000000000000000000000001010000000000000000000000000000000000000000001000000000000000000000
